1.15826006812789
5.62044924121104
3.35019357707117
7.56709592484503
7.95096349543256
2.78311339093590
2.66528106668455
7.98515744677804
6.50140776763791
5.81333917592587
3.67998536240216
4.00904598821373
5.37133497507212
6.76516269828432
3.40797491203611
4.22651046555818
4.02666076008377
6.51649329649214
2.37276171441965
5.70269941010356
-4.45902926109916
3.35909507507568
7.51946774633511
5.32115159353439
3.01081074825306
7.69774474209802
2.37197272854816
4.58339903771072
7.67593477462444
2.84046079156658
4.99554936564036
0.527537489043921
5.80732174749538
5.62932878361702
1.90967281916597
9.60887857302364
3.37269890964841
5.43575785278506
-5.65114648486117
0.411180390058108
-3.21411496251891
6.73959086443858
5.75066784779775
4.27200069779326
0.915737332713750
4.52383167207634
1.89085156335886
4.03056714332903
2.36841495116749
5.24002467343837
4.36357847972619
7.69633060975171
5.15190943408333
7.93890988807805
6.24163202821467
8.36822089504618
1.34084737009161
4.99486306559427
3.93906120706714
-0.654748401340701
2.50023710232366
-0.694967255062494
3.70200472825616
7.40098962531466
-0.147499659561564
-1.57848752143618
6.65334912824931
4.65257063649728
3.82651594393256
3.20858639692709
2.90414783754777
8.75196783346485
2.42769601118252
4.40753839265150
2.94324287453861
5.13600866019373
8.00685730169921
4.70646103620164
5.12473184675298
-1.74136574567531
6.88450746093425
6.96880211237885
5.95993186575683
3.49129943775346
2.04795372820772
4.34660894774340
4.23500499790197
5.25578725431383
3.80524073289608
4.03246069818345
4.25067790413554
5.96727164076866
1.46598643903039
5.43784297030918
8.85271486469683
4.70843085766692
8.61256075737433
4.31536995900009
11.7168914126967
-0.369116852580512
2.30361186431074
4.62585910731877
-2.15090446245925
10.1457346606275
3.04837510634186
0.517256086720863
3.66912630651977
10.8254887140776
7.97237555944455
1.15079048656000
2.59366051267394
0.295588495389120
6.05925901492312
6.78487742233522
6.74225054601189
7.52392194237467
5.17359653518800
4.78568124775794
0.608792599644575
1.06943039032607
2.94582789028558
5.57567243861474
-0.266993480192096
0.276978389243018
2.12346140630053
4.56615062921023
7.74021879049881
2.08156402736437
-2.04863461658220
-0.574880649431185
5.37603100823576
3.10856297805978
4.38723632263300
-0.164044653693765
8.39981877040114
8.73234742307706
4.56658249966340
-0.540434575307535
2.68350697910879
7.86895688389517
1.86500234915259
4.72749908789585
0.0589583186943381
7.79813854013567
5.25416101091155
2.36048657369105
-0.338477831663337
5.59422145512919
6.24971448163949
4.58879926499868
7.13168631930508
5.30164135573206
4.60767598079322
0.752650613426132
8.65293461215999
8.25802614058108
7.21566146767262
4.47890837479775
3.90180495168034
7.26758144896157
2.95508919898206
2.13827470408860
7.12239506009640
3.35996962600662
5.95623426305366
3.15916979315773
6.87725238963496
7.56836183476970
5.90430485891419
5.14103039866090
3.97548758202793
6.82176732550271
6.45355360252901
3.11383485644412
-0.571342473843374
2.97211533682805
6.49080913028256
3.58616455426514
3.04112753975362
6.13862859607093
0.434043900953872
-0.0302302411251238
6.24222947228253
0.173568521649436
2.97240984722237
4.44647377780370
0.213664311032773
7.72665517578894
5.09175461377417
5.52308397482060
10.3153653070262
5.05287304311122
7.73978191045350
6.85081379453146
6.16699156563160
-2.63880824362288
3.52782595131928
2.15047686098356
1.76290457540393
2.01749931017505